1.000000000000000000e+01 5.152792328314176531e-06
3.000000000000000000e+01 3.716103587155059496e-05
5.000000000000000000e+01 1.072486013489643854e-04
7.000000000000000000e+01 2.166684787645503500e-04
9.000000000000000000e+01 3.972148857859995170e-04
1.100000000000000000e+02 6.170299791951938456e-04
1.300000000000000000e+02 9.347195413244421738e-04
1.500000000000000000e+02 1.326258446192674252e-03
1.700000000000000000e+02 1.820542967379632643e-03
1.900000000000000000e+02 2.374960403479319578e-03
2.100000000000000000e+02 2.955690343309324078e-03
2.300000000000000000e+02 3.497697608421671250e-03
2.500000000000000000e+02 3.939575348950403143e-03
2.700000000000000000e+02 4.184960789308033585e-03
2.900000000000000000e+02 4.159088040408888062e-03
3.100000000000000000e+02 3.973985756978612796e-03
3.300000000000000000e+02 3.604181605364452715e-03
3.500000000000000000e+02 3.156064228524982883e-03
3.700000000000000000e+02 2.695752703225554655e-03
3.900000000000000000e+02 2.248895373879232582e-03
4.100000000000000000e+02 1.838290313041914675e-03
4.300000000000000000e+02 1.471413778462294384e-03
4.500000000000000000e+02 1.165894029514657430e-03
4.700000000000000000e+02 8.932119202259228979e-04
4.900000000000000000e+02 6.955400511322593678e-04
5.100000000000000000e+02 5.061947116444590316e-04
5.300000000000000000e+02 3.692999701574576949e-04
5.500000000000000000e+02 2.615132745380121171e-04
5.700000000000000000e+02 1.846219233801239291e-04
5.900000000000000000e+02 1.278254521247002310e-04
6.100000000000000000e+02 8.708928529832205511e-05
6.300000000000000000e+02 5.444168227527494881e-05
6.500000000000000000e+02 3.522905007700810994e-05
6.700000000000000000e+02 2.189820102384606377e-05
6.900000000000000000e+02 1.461502420146269752e-05
7.100000000000000000e+02 8.614559642369842959e-06
7.300000000000000000e+02 4.533310264089474034e-06
7.500000000000000000e+02 2.826262722450979854e-06
7.700000000000000000e+02 1.850598000798962834e-06
7.900000000000000000e+02 8.749332791469458133e-07
8.100000000000000000e+02 4.871009183209374045e-07
8.300000000000000000e+02 4.871009183209374045e-07
8.500000000000000000e+02 4.428190166553976404e-08
8.700000000000000000e+02 1.771276066621590562e-07
8.900000000000000000e+02 8.856380333107952809e-08
9.100000000000000000e+02 8.856380333107952809e-08
9.300000000000000000e+02 0.000000000000000000e+00
9.500000000000000000e+02 0.000000000000000000e+00
9.700000000000000000e+02 0.000000000000000000e+00
9.900000000000000000e+02 0.000000000000000000e+00
1.010000000000000000e+03 0.000000000000000000e+00
1.030000000000000000e+03 0.000000000000000000e+00
1.050000000000000000e+03 0.000000000000000000e+00
1.070000000000000000e+03 0.000000000000000000e+00
1.090000000000000000e+03 0.000000000000000000e+00
1.110000000000000000e+03 0.000000000000000000e+00
1.130000000000000000e+03 0.000000000000000000e+00
1.150000000000000000e+03 0.000000000000000000e+00
1.170000000000000000e+03 0.000000000000000000e+00
1.190000000000000000e+03 0.000000000000000000e+00
1.210000000000000000e+03 0.000000000000000000e+00
1.230000000000000000e+03 0.000000000000000000e+00
1.250000000000000000e+03 0.000000000000000000e+00
1.270000000000000000e+03 0.000000000000000000e+00
1.290000000000000000e+03 0.000000000000000000e+00
1.310000000000000000e+03 0.000000000000000000e+00
1.330000000000000000e+03 0.000000000000000000e+00
1.350000000000000000e+03 0.000000000000000000e+00
1.370000000000000000e+03 0.000000000000000000e+00
1.390000000000000000e+03 0.000000000000000000e+00
1.410000000000000000e+03 0.000000000000000000e+00
1.430000000000000000e+03 0.000000000000000000e+00
1.450000000000000000e+03 0.000000000000000000e+00
1.470000000000000000e+03 0.000000000000000000e+00
1.490000000000000000e+03 0.000000000000000000e+00
1.510000000000000000e+03 0.000000000000000000e+00
1.530000000000000000e+03 0.000000000000000000e+00
1.550000000000000000e+03 0.000000000000000000e+00
1.570000000000000000e+03 0.000000000000000000e+00
1.590000000000000000e+03 0.000000000000000000e+00
1.610000000000000000e+03 0.000000000000000000e+00
1.630000000000000000e+03 0.000000000000000000e+00
1.650000000000000000e+03 0.000000000000000000e+00
1.670000000000000000e+03 0.000000000000000000e+00
1.690000000000000000e+03 0.000000000000000000e+00
1.710000000000000000e+03 0.000000000000000000e+00
1.730000000000000000e+03 0.000000000000000000e+00
1.750000000000000000e+03 0.000000000000000000e+00
1.770000000000000000e+03 0.000000000000000000e+00
1.790000000000000000e+03 0.000000000000000000e+00
1.810000000000000000e+03 0.000000000000000000e+00
1.830000000000000000e+03 0.000000000000000000e+00
1.850000000000000000e+03 0.000000000000000000e+00
1.870000000000000000e+03 0.000000000000000000e+00
1.890000000000000000e+03 0.000000000000000000e+00
1.910000000000000000e+03 0.000000000000000000e+00
1.930000000000000000e+03 0.000000000000000000e+00
1.950000000000000000e+03 0.000000000000000000e+00
1.970000000000000000e+03 0.000000000000000000e+00
