1.000000000000000000e+01 5.200000000000000188e-06
3.000000000000000000e+01 3.309999999999999818e-05
5.000000000000000000e+01 1.010000000000000020e-04
7.000000000000000000e+01 2.095999999999999990e-04
9.000000000000000000e+01 3.723999999999999988e-04
1.100000000000000000e+02 6.147000000000000337e-04
1.300000000000000000e+02 9.255999999999999471e-04
1.500000000000000000e+02 1.345000000000000058e-03
1.700000000000000000e+02 1.873499999999999948e-03
1.900000000000000000e+02 2.474300000000000024e-03
2.100000000000000000e+02 3.084799999999999955e-03
2.300000000000000000e+02 3.686399999999999833e-03
2.500000000000000000e+02 4.132000000000000256e-03
2.700000000000000000e+02 4.390100000000000079e-03
2.900000000000000000e+02 4.348000000000000302e-03
3.100000000000000000e+02 4.106000000000000275e-03
3.300000000000000000e+02 3.689299999999999958e-03
3.500000000000000000e+02 3.211400000000000105e-03
3.700000000000000000e+02 2.630500000000000026e-03
3.900000000000000000e+02 2.133499999999999980e-03
4.100000000000000000e+02 1.722000000000000006e-03
4.300000000000000000e+02 1.345999999999999974e-03
4.500000000000000000e+02 1.015000000000000060e-03
4.700000000000000000e+02 7.659000000000000226e-04
4.900000000000000000e+02 5.756999999999999531e-04
5.100000000000000000e+02 4.113000000000000228e-04
5.300000000000000000e+02 2.798000000000000248e-04
5.500000000000000000e+02 1.916999999999999976e-04
5.700000000000000000e+02 1.299000000000000133e-04
5.900000000000000000e+02 8.040000000000000271e-05
6.100000000000000000e+02 4.890000000000000276e-05
6.300000000000000000e+02 3.019999999999999885e-05
6.500000000000000000e+02 1.500000000000000038e-05
6.700000000000000000e+02 1.009999999999999986e-05
6.900000000000000000e+02 5.000000000000000409e-06
7.100000000000000000e+02 2.699999999999999984e-06
7.300000000000000000e+02 1.700000000000000029e-06
7.500000000000000000e+02 8.999999999999999593e-07
7.700000000000000000e+02 5.999999999999999728e-07
7.900000000000000000e+02 4.999999999999999774e-07
8.100000000000000000e+02 9.999999999999999547e-08
8.300000000000000000e+02 9.999999999999999547e-08
8.500000000000000000e+02 0.000000000000000000e+00
8.700000000000000000e+02 9.999999999999999547e-08
8.900000000000000000e+02 0.000000000000000000e+00
9.100000000000000000e+02 0.000000000000000000e+00
9.300000000000000000e+02 0.000000000000000000e+00
9.500000000000000000e+02 0.000000000000000000e+00
9.700000000000000000e+02 0.000000000000000000e+00
9.900000000000000000e+02 0.000000000000000000e+00
1.010000000000000000e+03 0.000000000000000000e+00
1.030000000000000000e+03 0.000000000000000000e+00
1.050000000000000000e+03 0.000000000000000000e+00
1.070000000000000000e+03 0.000000000000000000e+00
1.090000000000000000e+03 0.000000000000000000e+00
1.110000000000000000e+03 0.000000000000000000e+00
1.130000000000000000e+03 0.000000000000000000e+00
1.150000000000000000e+03 0.000000000000000000e+00
1.170000000000000000e+03 0.000000000000000000e+00
1.190000000000000000e+03 0.000000000000000000e+00
1.210000000000000000e+03 0.000000000000000000e+00
1.230000000000000000e+03 0.000000000000000000e+00
1.250000000000000000e+03 0.000000000000000000e+00
1.270000000000000000e+03 0.000000000000000000e+00
1.290000000000000000e+03 0.000000000000000000e+00
1.310000000000000000e+03 0.000000000000000000e+00
1.330000000000000000e+03 0.000000000000000000e+00
1.350000000000000000e+03 0.000000000000000000e+00
1.370000000000000000e+03 0.000000000000000000e+00
1.390000000000000000e+03 0.000000000000000000e+00
1.410000000000000000e+03 0.000000000000000000e+00
1.430000000000000000e+03 0.000000000000000000e+00
1.450000000000000000e+03 0.000000000000000000e+00
1.470000000000000000e+03 0.000000000000000000e+00
1.490000000000000000e+03 0.000000000000000000e+00
1.510000000000000000e+03 0.000000000000000000e+00
1.530000000000000000e+03 0.000000000000000000e+00
1.550000000000000000e+03 0.000000000000000000e+00
1.570000000000000000e+03 0.000000000000000000e+00
1.590000000000000000e+03 0.000000000000000000e+00
1.610000000000000000e+03 0.000000000000000000e+00
1.630000000000000000e+03 0.000000000000000000e+00
1.650000000000000000e+03 0.000000000000000000e+00
1.670000000000000000e+03 0.000000000000000000e+00
1.690000000000000000e+03 0.000000000000000000e+00
1.710000000000000000e+03 0.000000000000000000e+00
1.730000000000000000e+03 0.000000000000000000e+00
1.750000000000000000e+03 0.000000000000000000e+00
1.770000000000000000e+03 0.000000000000000000e+00
1.790000000000000000e+03 0.000000000000000000e+00
1.810000000000000000e+03 0.000000000000000000e+00
1.830000000000000000e+03 0.000000000000000000e+00
1.850000000000000000e+03 0.000000000000000000e+00
1.870000000000000000e+03 0.000000000000000000e+00
1.890000000000000000e+03 0.000000000000000000e+00
1.910000000000000000e+03 0.000000000000000000e+00
1.930000000000000000e+03 0.000000000000000000e+00
1.950000000000000000e+03 0.000000000000000000e+00
1.970000000000000000e+03 0.000000000000000000e+00
