1.000000000000000000e+01 7.799999999999999859e-06
3.000000000000000000e+01 5.319999999999999886e-05
5.000000000000000000e+01 1.352000000000000066e-04
7.000000000000000000e+01 2.788000000000000005e-04
9.000000000000000000e+01 4.893999999999999696e-04
1.100000000000000000e+02 7.054000000000000157e-04
1.300000000000000000e+02 1.011799999999999982e-03
1.500000000000000000e+02 1.302200000000000102e-03
1.700000000000000000e+02 1.641000000000000097e-03
1.900000000000000000e+02 2.008400000000000029e-03
2.100000000000000000e+02 2.358199999999999966e-03
2.300000000000000000e+02 2.690999999999999816e-03
2.500000000000000000e+02 2.962600000000000129e-03
2.700000000000000000e+02 3.190000000000000127e-03
2.900000000000000000e+02 3.276400000000000059e-03
3.100000000000000000e+02 3.359599999999999913e-03
3.300000000000000000e+02 3.334399999999999951e-03
3.500000000000000000e+02 3.158400000000000010e-03
3.700000000000000000e+02 2.964599999999999961e-03
3.900000000000000000e+02 2.700399999999999936e-03
4.100000000000000000e+02 2.379800000000000058e-03
4.300000000000000000e+02 2.075599999999999928e-03
4.500000000000000000e+02 1.789000000000000009e-03
4.700000000000000000e+02 1.456599999999999952e-03
4.900000000000000000e+02 1.189399999999999962e-03
5.100000000000000000e+02 9.263999999999999665e-04
5.300000000000000000e+02 7.205999999999999515e-04
5.500000000000000000e+02 5.362000000000000230e-04
5.700000000000000000e+02 3.978000000000000199e-04
5.900000000000000000e+02 2.843999999999999740e-04
6.100000000000000000e+02 2.037999999999999935e-04
6.300000000000000000e+02 1.316000000000000004e-04
6.500000000000000000e+02 1.032000000000000013e-04
6.700000000000000000e+02 6.619999999999999637e-05
6.900000000000000000e+02 4.279999999999999679e-05
7.100000000000000000e+02 2.659999999999999943e-05
7.300000000000000000e+02 1.520000000000000016e-05
7.500000000000000000e+02 9.599999999999999566e-06
7.700000000000000000e+02 6.600000000000000337e-06
7.900000000000000000e+02 3.599999999999999837e-06
8.100000000000000000e+02 2.200000000000000112e-06
8.300000000000000000e+02 2.200000000000000112e-06
8.500000000000000000e+02 1.999999999999999909e-07
8.700000000000000000e+02 7.999999999999999638e-07
8.900000000000000000e+02 3.999999999999999819e-07
9.100000000000000000e+02 3.999999999999999819e-07
9.300000000000000000e+02 0.000000000000000000e+00
9.500000000000000000e+02 0.000000000000000000e+00
9.700000000000000000e+02 0.000000000000000000e+00
9.900000000000000000e+02 0.000000000000000000e+00
1.010000000000000000e+03 0.000000000000000000e+00
1.030000000000000000e+03 0.000000000000000000e+00
1.050000000000000000e+03 0.000000000000000000e+00
1.070000000000000000e+03 0.000000000000000000e+00
1.090000000000000000e+03 0.000000000000000000e+00
1.110000000000000000e+03 0.000000000000000000e+00
1.130000000000000000e+03 0.000000000000000000e+00
1.150000000000000000e+03 0.000000000000000000e+00
1.170000000000000000e+03 0.000000000000000000e+00
1.190000000000000000e+03 0.000000000000000000e+00
1.210000000000000000e+03 0.000000000000000000e+00
1.230000000000000000e+03 0.000000000000000000e+00
1.250000000000000000e+03 0.000000000000000000e+00
1.270000000000000000e+03 0.000000000000000000e+00
1.290000000000000000e+03 0.000000000000000000e+00
1.310000000000000000e+03 0.000000000000000000e+00
1.330000000000000000e+03 0.000000000000000000e+00
1.350000000000000000e+03 0.000000000000000000e+00
1.370000000000000000e+03 0.000000000000000000e+00
1.390000000000000000e+03 0.000000000000000000e+00
1.410000000000000000e+03 0.000000000000000000e+00
1.430000000000000000e+03 0.000000000000000000e+00
1.450000000000000000e+03 0.000000000000000000e+00
1.470000000000000000e+03 0.000000000000000000e+00
1.490000000000000000e+03 0.000000000000000000e+00
1.510000000000000000e+03 0.000000000000000000e+00
1.530000000000000000e+03 0.000000000000000000e+00
1.550000000000000000e+03 0.000000000000000000e+00
1.570000000000000000e+03 0.000000000000000000e+00
1.590000000000000000e+03 0.000000000000000000e+00
1.610000000000000000e+03 0.000000000000000000e+00
1.630000000000000000e+03 0.000000000000000000e+00
1.650000000000000000e+03 0.000000000000000000e+00
1.670000000000000000e+03 0.000000000000000000e+00
1.690000000000000000e+03 0.000000000000000000e+00
1.710000000000000000e+03 0.000000000000000000e+00
1.730000000000000000e+03 0.000000000000000000e+00
1.750000000000000000e+03 0.000000000000000000e+00
1.770000000000000000e+03 0.000000000000000000e+00
1.790000000000000000e+03 0.000000000000000000e+00
1.810000000000000000e+03 0.000000000000000000e+00
1.830000000000000000e+03 0.000000000000000000e+00
1.850000000000000000e+03 0.000000000000000000e+00
1.870000000000000000e+03 0.000000000000000000e+00
1.890000000000000000e+03 0.000000000000000000e+00
1.910000000000000000e+03 0.000000000000000000e+00
1.930000000000000000e+03 0.000000000000000000e+00
1.950000000000000000e+03 0.000000000000000000e+00
1.970000000000000000e+03 0.000000000000000000e+00
