1.000000000000000000e+01 3.837479148984921165e-03
2.000000000000000000e+01 3.826813756409745693e-03
3.000000000000000000e+01 3.813303119497099374e-03
4.000000000000000000e+01 3.795083774098166954e-03
5.000000000000000000e+01 3.771319107844825491e-03
6.000000000000000000e+01 3.742279132125617136e-03
7.000000000000000000e+01 3.708165768238424510e-03
8.000000000000000000e+01 3.668588668748146674e-03
9.000000000000000000e+01 3.623395401749814580e-03
1.000000000000000000e+02 3.571838127516842928e-03
1.100000000000000000e+02 3.513335823433842188e-03
1.200000000000000000e+02 3.448095900405154929e-03
1.300000000000000000e+02 3.376270065366972911e-03
1.400000000000000000e+02 3.297376493193210963e-03
1.500000000000000000e+02 3.211013173126106741e-03
1.600000000000000000e+02 3.117351908833174926e-03
1.700000000000000000e+02 3.016528893357287543e-03
1.800000000000000000e+02 2.908814702256787461e-03
1.900000000000000000e+02 2.794410990118345161e-03
2.000000000000000000e+02 2.673949803134183841e-03
2.100000000000000000e+02 2.547932410982595326e-03
2.200000000000000000e+02 2.417073540203742467e-03
2.300000000000000000e+02 2.282011228029758726e-03
2.400000000000000000e+02 2.144177299596021751e-03
2.500000000000000000e+02 2.004869423964501362e-03
2.600000000000000000e+02 1.864876278532105270e-03
2.700000000000000000e+02 1.724931850416209101e-03
2.800000000000000000e+02 1.587203814828943389e-03
2.900000000000000000e+02 1.453651800981290224e-03
3.000000000000000000e+02 1.325126905852807733e-03
3.100000000000000000e+02 1.202406733049772407e-03
3.200000000000000000e+02 1.086006833504722961e-03
3.300000000000000000e+02 9.764071585342759757e-04
3.400000000000000000e+02 8.740596276721635405e-04
3.500000000000000000e+02 7.793946227562604991e-04
3.600000000000000000e+02 6.921885180538483485e-04
3.700000000000000000e+02 6.122338227991286396e-04
3.800000000000000000e+02 5.392552022601311557e-04
3.900000000000000000e+02 4.729877902823726539e-04
4.000000000000000000e+02 4.130959481881923924e-04
4.100000000000000000e+02 3.592769841883867196e-04
4.200000000000000000e+02 3.111963285118887193e-04
4.300000000000000000e+02 2.685494556420456118e-04
4.400000000000000000e+02 2.308782529449927585e-04
4.500000000000000000e+02 1.977573811719187736e-04
4.600000000000000000e+02 1.686265035047585111e-04
4.700000000000000000e+02 1.429664718863965620e-04
4.800000000000000000e+02 1.205016411502794239e-04
4.900000000000000000e+02 1.009753452435697231e-04
5.000000000000000000e+02 8.418034128980492648e-05
5.100000000000000000e+02 6.990664369588625712e-05
5.200000000000000000e+02 5.783760724767696962e-05
5.300000000000000000e+02 4.765951776162811256e-05
5.400000000000000000e+02 3.908176171985823039e-05
5.500000000000000000e+02 3.182550911043769396e-05
5.600000000000000000e+02 2.576602223735019261e-05
5.700000000000000000e+02 2.078363741887677603e-05
5.800000000000000000e+02 1.670834002850243508e-05
5.900000000000000000e+02 1.338012184624251640e-05
6.000000000000000000e+02 1.067479473679683208e-05
6.100000000000000000e+02 8.470932151914425349e-06
6.200000000000000000e+02 6.688457181584160504e-06
6.300000000000000000e+02 5.248888651606021861e-06
6.400000000000000000e+02 4.087023302350874120e-06
6.500000000000000000e+02 3.139493632200341030e-06
6.600000000000000000e+02 2.386973336011617080e-06
6.700000000000000000e+02 1.813778557043981484e-06
6.800000000000000000e+02 1.373066753249226766e-06
6.900000000000000000e+02 1.021315154847323678e-06
7.000000000000000000e+02 7.456997772416584457e-07
7.100000000000000000e+02 5.343139478944605411e-07
7.200000000000000000e+02 3.795470159938962366e-07
7.300000000000000000e+02 2.736106261082424137e-07
7.400000000000000000e+02 1.994226530884830836e-07
7.500000000000000000e+02 1.398757728498993545e-07
7.600000000000000000e+02 9.224491655187431403e-08
7.700000000000000000e+02 5.382230023850584998e-08
7.800000000000000000e+02 2.606087897406820084e-08
7.900000000000000000e+02 1.028678264530214428e-08
8.000000000000000000e+02 0.000000000000000000e+00
8.100000000000000000e+02 -1.108107890256212620e-08
8.200000000000000000e+02 -2.118859001613635187e-08
8.300000000000000000e+02 -2.861124202108771732e-08
8.400000000000000000e+02 -3.362827907279707671e-08
8.500000000000000000e+02 -3.653731902853862182e-08
8.600000000000000000e+02 -3.860536638593303757e-08
8.700000000000000000e+02 -4.106701782537363504e-08
8.800000000000000000e+02 -4.306920160154964493e-08
8.900000000000000000e+02 -4.371204902925328240e-08
9.000000000000000000e+02 -4.372782617368238232e-08
9.100000000000000000e+02 -4.372207148433284912e-08
9.200000000000000000e+02 -4.372761855619244897e-08
9.300000000000000000e+02 -4.373088612364309969e-08
9.400000000000000000e+02 -4.371014689188418143e-08
9.500000000000000000e+02 -4.372892057548380116e-08
9.600000000000000000e+02 -4.373253600926183171e-08
9.700000000000000000e+02 -4.375004970446446148e-08
9.800000000000000000e+02 -4.369855840985907102e-08
9.900000000000000000e+02 -4.379286475377516582e-08
