1.000000000000000000e+01 2.055555555555555451e-05
3.000000000000000000e+01 1.331666666666666600e-04
5.000000000000000000e+01 3.545555555555555483e-04
7.000000000000000000e+01 6.700555555555555735e-04
9.000000000000000000e+01 1.074888888888888899e-03
1.100000000000000000e+02 1.492000000000000054e-03
1.300000000000000000e+02 1.915888888888888850e-03
1.500000000000000000e+02 2.325166666666666788e-03
1.700000000000000000e+02 2.661388888888888919e-03
1.900000000000000000e+02 2.926999999999999914e-03
2.100000000000000000e+02 3.147777777777777987e-03
2.300000000000000000e+02 3.243499999999999855e-03
2.500000000000000000e+02 3.245166666666666599e-03
2.700000000000000000e+02 3.177444444444444543e-03
2.900000000000000000e+02 3.056055555555555348e-03
3.100000000000000000e+02 2.880055555555555407e-03
3.300000000000000000e+02 2.604888888888888792e-03
3.500000000000000000e+02 2.371055555555555503e-03
3.700000000000000000e+02 2.119055555555555449e-03
3.900000000000000000e+02 1.870222222222222121e-03
4.100000000000000000e+02 1.611222222222222222e-03
4.300000000000000000e+02 1.380611111111111101e-03
4.500000000000000000e+02 1.167277777777777715e-03
4.700000000000000000e+02 9.702777777777778050e-04
4.900000000000000000e+02 7.936666666666666956e-04
5.100000000000000000e+02 6.376111111111111476e-04
5.300000000000000000e+02 5.042222222222222027e-04
5.500000000000000000e+02 4.012222222222222470e-04
5.700000000000000000e+02 3.126111111111111083e-04
5.900000000000000000e+02 2.411666666666666559e-04
6.100000000000000000e+02 1.840000000000000001e-04
6.300000000000000000e+02 1.396111111111111045e-04
6.500000000000000000e+02 1.027777777777777793e-04
6.700000000000000000e+02 7.588888888888888887e-05
6.900000000000000000e+02 5.838888888888889040e-05
7.100000000000000000e+02 3.994444444444444561e-05
7.300000000000000000e+02 2.727777777777777712e-05
7.500000000000000000e+02 1.905555555555555532e-05
7.700000000000000000e+02 1.344444444444444522e-05
7.900000000000000000e+02 9.222222222222222393e-06
8.100000000000000000e+02 7.277777777777778025e-06
8.300000000000000000e+02 3.944444444444444701e-06
8.500000000000000000e+02 3.111111111111111159e-06
8.700000000000000000e+02 2.111111111111110992e-06
8.900000000000000000e+02 1.388888888888888955e-06
9.100000000000000000e+02 9.444444444444444135e-07
9.300000000000000000e+02 6.111111111111110599e-07
9.500000000000000000e+02 3.333333333333333535e-07
9.700000000000000000e+02 2.777777777777777593e-07
9.900000000000000000e+02 1.666666666666666768e-07
1.010000000000000000e+03 5.555555555555555451e-08
1.030000000000000000e+03 1.111111111111111090e-07
1.050000000000000000e+03 1.111111111111111090e-07
1.070000000000000000e+03 5.555555555555555451e-08
1.090000000000000000e+03 0.000000000000000000e+00
1.110000000000000000e+03 0.000000000000000000e+00
1.130000000000000000e+03 0.000000000000000000e+00
1.150000000000000000e+03 0.000000000000000000e+00
1.170000000000000000e+03 0.000000000000000000e+00
1.190000000000000000e+03 5.555555555555555451e-08
1.210000000000000000e+03 5.555555555555555451e-08
1.230000000000000000e+03 0.000000000000000000e+00
1.250000000000000000e+03 0.000000000000000000e+00
1.270000000000000000e+03 0.000000000000000000e+00
1.290000000000000000e+03 0.000000000000000000e+00
1.310000000000000000e+03 0.000000000000000000e+00
1.330000000000000000e+03 0.000000000000000000e+00
1.350000000000000000e+03 0.000000000000000000e+00
1.370000000000000000e+03 0.000000000000000000e+00
1.390000000000000000e+03 0.000000000000000000e+00
1.410000000000000000e+03 0.000000000000000000e+00
1.430000000000000000e+03 0.000000000000000000e+00
1.450000000000000000e+03 0.000000000000000000e+00
1.470000000000000000e+03 0.000000000000000000e+00
1.490000000000000000e+03 0.000000000000000000e+00
1.510000000000000000e+03 0.000000000000000000e+00
1.530000000000000000e+03 0.000000000000000000e+00
1.550000000000000000e+03 0.000000000000000000e+00
1.570000000000000000e+03 0.000000000000000000e+00
1.590000000000000000e+03 0.000000000000000000e+00
1.610000000000000000e+03 0.000000000000000000e+00
1.630000000000000000e+03 0.000000000000000000e+00
1.650000000000000000e+03 0.000000000000000000e+00
1.670000000000000000e+03 0.000000000000000000e+00
1.690000000000000000e+03 0.000000000000000000e+00
1.710000000000000000e+03 0.000000000000000000e+00
1.730000000000000000e+03 0.000000000000000000e+00
1.750000000000000000e+03 0.000000000000000000e+00
1.770000000000000000e+03 0.000000000000000000e+00
1.790000000000000000e+03 0.000000000000000000e+00
1.810000000000000000e+03 0.000000000000000000e+00
1.830000000000000000e+03 0.000000000000000000e+00
1.850000000000000000e+03 0.000000000000000000e+00
1.870000000000000000e+03 0.000000000000000000e+00
1.890000000000000000e+03 0.000000000000000000e+00
1.910000000000000000e+03 0.000000000000000000e+00
1.930000000000000000e+03 0.000000000000000000e+00
1.950000000000000000e+03 0.000000000000000000e+00
1.970000000000000000e+03 0.000000000000000000e+00
