1.000000000000000000e+01 8.388888888888889697e-06
3.000000000000000000e+01 6.438888888888889394e-05
5.000000000000000000e+01 1.683333333333333231e-04
7.000000000000000000e+01 3.588333333333333457e-04
9.000000000000000000e+01 6.229999999999999644e-04
1.100000000000000000e+02 9.626111111111111326e-04
1.300000000000000000e+02 1.415777777777777737e-03
1.500000000000000000e+02 1.978333333333333246e-03
1.700000000000000000e+02 2.536777777777777989e-03
1.900000000000000000e+02 2.999111111111111248e-03
2.100000000000000000e+02 3.357611111111111126e-03
2.300000000000000000e+02 3.567111111111111177e-03
2.500000000000000000e+02 3.550166666666666748e-03
2.700000000000000000e+02 3.463222222222222136e-03
2.900000000000000000e+02 3.322777777777777795e-03
3.100000000000000000e+02 3.072777777777777573e-03
3.300000000000000000e+02 2.835944444444444320e-03
3.500000000000000000e+02 2.526000000000000034e-03
3.700000000000000000e+02 2.219166666666666596e-03
3.900000000000000000e+02 1.942555555555555659e-03
4.100000000000000000e+02 1.660888888888888831e-03
4.300000000000000000e+02 1.407055555555555490e-03
4.500000000000000000e+02 1.174499999999999980e-03
4.700000000000000000e+02 9.701666666666667032e-04
4.900000000000000000e+02 7.914999999999999944e-04
5.100000000000000000e+02 6.456111111111111252e-04
5.300000000000000000e+02 5.166666666666666846e-04
5.500000000000000000e+02 4.118888888888888838e-04
5.700000000000000000e+02 3.282222222222222073e-04
5.900000000000000000e+02 2.630555555555555468e-04
6.100000000000000000e+02 2.012222222222222103e-04
6.300000000000000000e+02 1.524444444444444425e-04
6.500000000000000000e+02 1.216111111111111142e-04
6.700000000000000000e+02 9.194444444444444919e-05
6.900000000000000000e+02 6.883333333333333047e-05
7.100000000000000000e+02 5.683333333333333016e-05
7.300000000000000000e+02 4.205555555555555533e-05
7.500000000000000000e+02 3.138888888888889141e-05
7.700000000000000000e+02 2.294444444444444575e-05
7.900000000000000000e+02 1.688888888888888794e-05
8.100000000000000000e+02 1.327777777777777733e-05
8.300000000000000000e+02 9.722222222222222688e-06
8.500000000000000000e+02 7.666666666666667237e-06
8.700000000000000000e+02 4.777777777777777397e-06
8.900000000000000000e+02 4.055555555555555784e-06
9.100000000000000000e+02 3.555555555555555489e-06
9.300000000000000000e+02 1.722222222222222203e-06
9.500000000000000000e+02 1.944444444444444368e-06
9.700000000000000000e+02 9.999999999999999547e-07
9.900000000000000000e+02 1.055555555555555496e-06
1.010000000000000000e+03 7.777777777777777896e-07
1.030000000000000000e+03 4.999999999999999774e-07
1.050000000000000000e+03 3.333333333333333535e-07
1.070000000000000000e+03 2.777777777777777593e-07
1.090000000000000000e+03 1.666666666666666768e-07
1.110000000000000000e+03 2.777777777777777593e-07
1.130000000000000000e+03 1.111111111111111090e-07
1.150000000000000000e+03 1.111111111111111090e-07
1.170000000000000000e+03 5.555555555555555451e-08
1.190000000000000000e+03 0.000000000000000000e+00
1.210000000000000000e+03 0.000000000000000000e+00
1.230000000000000000e+03 0.000000000000000000e+00
1.250000000000000000e+03 0.000000000000000000e+00
1.270000000000000000e+03 0.000000000000000000e+00
1.290000000000000000e+03 0.000000000000000000e+00
1.310000000000000000e+03 0.000000000000000000e+00
1.330000000000000000e+03 0.000000000000000000e+00
1.350000000000000000e+03 0.000000000000000000e+00
1.370000000000000000e+03 0.000000000000000000e+00
1.390000000000000000e+03 0.000000000000000000e+00
1.410000000000000000e+03 0.000000000000000000e+00
1.430000000000000000e+03 0.000000000000000000e+00
1.450000000000000000e+03 0.000000000000000000e+00
1.470000000000000000e+03 0.000000000000000000e+00
1.490000000000000000e+03 0.000000000000000000e+00
1.510000000000000000e+03 0.000000000000000000e+00
1.530000000000000000e+03 0.000000000000000000e+00
1.550000000000000000e+03 0.000000000000000000e+00
1.570000000000000000e+03 0.000000000000000000e+00
1.590000000000000000e+03 0.000000000000000000e+00
1.610000000000000000e+03 0.000000000000000000e+00
1.630000000000000000e+03 0.000000000000000000e+00
1.650000000000000000e+03 0.000000000000000000e+00
1.670000000000000000e+03 0.000000000000000000e+00
1.690000000000000000e+03 0.000000000000000000e+00
1.710000000000000000e+03 0.000000000000000000e+00
1.730000000000000000e+03 0.000000000000000000e+00
1.750000000000000000e+03 0.000000000000000000e+00
1.770000000000000000e+03 0.000000000000000000e+00
1.790000000000000000e+03 0.000000000000000000e+00
1.810000000000000000e+03 0.000000000000000000e+00
1.830000000000000000e+03 0.000000000000000000e+00
1.850000000000000000e+03 0.000000000000000000e+00
1.870000000000000000e+03 0.000000000000000000e+00
1.890000000000000000e+03 0.000000000000000000e+00
1.910000000000000000e+03 0.000000000000000000e+00
1.930000000000000000e+03 0.000000000000000000e+00
1.950000000000000000e+03 0.000000000000000000e+00
1.970000000000000000e+03 0.000000000000000000e+00
