1.000000000000000000e+01 7.700000000000000816e-06
3.000000000000000000e+01 5.500000000000000196e-05
5.000000000000000000e+01 1.468499999999999916e-04
7.000000000000000000e+01 2.896999999999999944e-04
9.000000000000000000e+01 4.712499999999999892e-04
1.100000000000000000e+02 6.869000000000000539e-04
1.300000000000000000e+02 9.267499999999999480e-04
1.500000000000000000e+02 1.214100000000000075e-03
1.700000000000000000e+02 1.502700000000000043e-03
1.900000000000000000e+02 1.787699999999999923e-03
2.100000000000000000e+02 2.064949999999999859e-03
2.300000000000000000e+02 2.339100000000000207e-03
2.500000000000000000e+02 2.564400000000000100e-03
2.700000000000000000e+02 2.727049999999999960e-03
2.900000000000000000e+02 2.879749999999999931e-03
3.100000000000000000e+02 2.956299999999999813e-03
3.300000000000000000e+02 2.949550000000000002e-03
3.500000000000000000e+02 2.913750000000000107e-03
3.700000000000000000e+02 2.808950000000000162e-03
3.900000000000000000e+02 2.655649999999999851e-03
4.100000000000000000e+02 2.467749999999999892e-03
4.300000000000000000e+02 2.255899999999999919e-03
4.500000000000000000e+02 2.008049999999999939e-03
4.700000000000000000e+02 1.755800000000000069e-03
4.900000000000000000e+02 1.514799999999999957e-03
5.100000000000000000e+02 1.288649999999999908e-03
5.300000000000000000e+02 1.070500000000000054e-03
5.500000000000000000e+02 8.752500000000000514e-04
5.700000000000000000e+02 6.899500000000000468e-04
5.900000000000000000e+02 5.498499999999999482e-04
6.100000000000000000e+02 4.224000000000000215e-04
6.300000000000000000e+02 3.246500000000000037e-04
6.500000000000000000e+02 2.435500000000000111e-04
6.700000000000000000e+02 1.806500000000000000e-04
6.900000000000000000e+02 1.314999999999999980e-04
7.100000000000000000e+02 8.705000000000000173e-05
7.300000000000000000e+02 6.354999999999999972e-05
7.500000000000000000e+02 4.094999999999999926e-05
7.700000000000000000e+02 2.930000000000000069e-05
7.900000000000000000e+02 1.889999999999999862e-05
8.100000000000000000e+02 1.244999999999999938e-05
8.300000000000000000e+02 7.199999999999999674e-06
8.500000000000000000e+02 5.599999999999999747e-06
8.700000000000000000e+02 3.300000000000000168e-06
8.900000000000000000e+02 2.150000000000000167e-06
9.100000000000000000e+02 7.999999999999999638e-07
9.300000000000000000e+02 4.499999999999999796e-07
9.500000000000000000e+02 4.999999999999999774e-07
9.700000000000000000e+02 2.499999999999999887e-07
9.900000000000000000e+02 1.499999999999999932e-07
1.010000000000000000e+03 4.999999999999999774e-08
1.030000000000000000e+03 0.000000000000000000e+00
1.050000000000000000e+03 0.000000000000000000e+00
1.070000000000000000e+03 0.000000000000000000e+00
1.090000000000000000e+03 0.000000000000000000e+00
1.110000000000000000e+03 0.000000000000000000e+00
1.130000000000000000e+03 0.000000000000000000e+00
1.150000000000000000e+03 0.000000000000000000e+00
1.170000000000000000e+03 0.000000000000000000e+00
1.190000000000000000e+03 0.000000000000000000e+00
1.210000000000000000e+03 0.000000000000000000e+00
1.230000000000000000e+03 0.000000000000000000e+00
1.250000000000000000e+03 0.000000000000000000e+00
1.270000000000000000e+03 0.000000000000000000e+00
1.290000000000000000e+03 0.000000000000000000e+00
1.310000000000000000e+03 0.000000000000000000e+00
1.330000000000000000e+03 0.000000000000000000e+00
1.350000000000000000e+03 0.000000000000000000e+00
1.370000000000000000e+03 0.000000000000000000e+00
1.390000000000000000e+03 0.000000000000000000e+00
1.410000000000000000e+03 0.000000000000000000e+00
1.430000000000000000e+03 0.000000000000000000e+00
1.450000000000000000e+03 0.000000000000000000e+00
1.470000000000000000e+03 0.000000000000000000e+00
1.490000000000000000e+03 0.000000000000000000e+00
1.510000000000000000e+03 0.000000000000000000e+00
1.530000000000000000e+03 0.000000000000000000e+00
1.550000000000000000e+03 0.000000000000000000e+00
1.570000000000000000e+03 0.000000000000000000e+00
1.590000000000000000e+03 0.000000000000000000e+00
1.610000000000000000e+03 0.000000000000000000e+00
1.630000000000000000e+03 0.000000000000000000e+00
1.650000000000000000e+03 0.000000000000000000e+00
1.670000000000000000e+03 0.000000000000000000e+00
1.690000000000000000e+03 0.000000000000000000e+00
1.710000000000000000e+03 0.000000000000000000e+00
1.730000000000000000e+03 0.000000000000000000e+00
1.750000000000000000e+03 0.000000000000000000e+00
1.770000000000000000e+03 0.000000000000000000e+00
1.790000000000000000e+03 0.000000000000000000e+00
1.810000000000000000e+03 0.000000000000000000e+00
1.830000000000000000e+03 0.000000000000000000e+00
1.850000000000000000e+03 0.000000000000000000e+00
1.870000000000000000e+03 0.000000000000000000e+00
1.890000000000000000e+03 0.000000000000000000e+00
1.910000000000000000e+03 0.000000000000000000e+00
1.930000000000000000e+03 0.000000000000000000e+00
1.950000000000000000e+03 0.000000000000000000e+00
1.970000000000000000e+03 0.000000000000000000e+00
